# Radial structure factors as a function of 1/2d for air
# Reformatted from https://bl831.als.lbl.gov/~jamesh/nanoBragg/air.stol
# stol [aka sin(theta)/lambda) = 1/2d], F
0.00000000 14.09540000
0.00505051 14.08790000
0.01010100 14.06520000
0.01515150 14.02740000
0.02020200 13.97490000
0.02525250 13.90770000
0.03030300 13.82630000
0.03535350 13.73110000
0.04040400 13.62240000
0.04545450 13.50080000
0.05050510 13.36690000
0.05555560 13.22130000
0.06060610 13.06470000
0.06565660 12.89770000
0.07070710 12.72120000
0.07575760 12.53580000
0.08080810 12.34250000
0.08585860 12.14190000
0.09090910 11.93500000
0.09595960 11.72250000
0.10101000 11.50540000
0.10606100 11.28440000
0.11111100 11.06040000
0.11616200 10.83420000
0.12121200 10.60650000
0.12626300 10.37820000
0.13131300 10.15000000
0.13636400 9.92266000
0.14141400 9.69677000
0.14646500 9.47299000
0.15151500 9.25194000
0.15656600 9.03418000
0.16161600 8.82020000
0.16666700 8.61050000
0.17171700 8.40548000
0.17676800 8.20553000
0.18181800 8.01099000
0.18686900 7.82213000
0.19191900 7.63921000
0.19697000 7.46242000
0.20202000 7.29192000
0.20707100 7.12782000
0.21212100 6.97022000
0.21717200 6.81913000
0.22222200 6.67459000
0.22727300 6.53655000
0.23232300 6.40496000
0.23737400 6.27975000
0.24242400 6.16079000
0.24747500 6.04797000
0.25252500 5.94113000
0.25757600 5.84011000
0.26262600 5.74472000
0.26767700 5.65477000
0.27272700 5.57005000
0.27777800 5.49035000
0.28282800 5.41545000
0.28787900 5.34512000
0.29292900 5.27915000
0.29798000 5.21729000
0.30303000 5.15934000
0.30808100 5.10505000
0.31313100 5.05422000
0.31818200 5.00662000
0.32323200 4.96204000
0.32828300 4.92028000
0.33333300 4.88114000
0.33838400 4.84442000
0.34343400 4.80995000
0.34848500 4.77755000
0.35353500 4.74705000
0.35858600 4.71830000
0.36363600 4.69114000
0.36868700 4.66543000
0.37373700 4.64105000
0.37878800 4.61786000
0.38383800 4.59575000
0.38888900 4.57462000
0.39393900 4.55436000
0.39899000 4.53487000
0.40404000 4.51609000
0.40909100 4.49792000
0.41414100 4.48029000
0.41919200 4.46314000
0.42424200 4.44641000
0.42929300 4.43004000
0.43434300 4.41398000
0.43939400 4.39819000
0.44444400 4.38263000
0.44949500 4.36725000
0.45454500 4.35203000
0.45959600 4.33694000
0.46464600 4.32195000
0.46969700 4.30704000
0.47474700 4.29218000
0.47979800 4.27736000
0.48484800 4.26257000
0.48989900 4.24778000
0.49494900 4.23298000
0.50000000 4.21817000
