# Radial structure factors as a function of 1/2d for gaseous helium
# Reformatted from https://bl831.als.lbl.gov/~jamesh/nanoBragg/He.stol
# stol [aka sin(theta)/lambda) = 1/2d], F
0.00000000 2.02000000
0.02000000 2.01796000
0.03000000 2.01017000
0.04000000 1.98711000
0.05000000 1.96281000
0.06000000 1.95975000
0.07000000 1.94682000
0.08000000 1.91460000
0.09000000 1.87297000
0.10000000 1.84742000
0.11000000 1.82324000
0.12000000 1.78905000
0.13000000 1.74120000
0.14000000 1.70674000
0.15000000 1.67423000
0.16000000 1.63233000
0.17000000 1.58931000
0.18000000 1.54595000
0.19000000 1.50905000
0.20000000 1.46307000
0.21000000 1.42089000
0.22000000 1.38081000
0.23000000 1.34262000
0.24000000 1.29698000
0.25000000 1.25969000
0.26000000 1.22015000
0.27000000 1.18036000
0.28000000 1.14820000
0.29000000 1.10807000
0.30000000 1.07140000
0.31000000 1.03061000
0.32000000 0.99347500
0.33000000 0.96175700
0.34000000 0.93132200
0.35000000 0.89367300
0.36000000 0.86090300
0.37000000 0.83351400
0.38000000 0.80046700
0.39000000 0.76693000
0.40000000 0.73458800
0.41000000 0.71115100
0.42000000 0.68973100
0.43000000 0.66307600
0.44000000 0.63305700
0.45000000 0.61372300
0.46000000 0.59328800
0.47000000 0.57138600
0.48000000 0.55254200
0.49000000 0.53257600
0.50000000 0.53370500
