# Radial structure factors as a function of 1/2d for nanocrystalline ice
# Reformatted from https://bl831.als.lbl.gov/~jamesh/nanoBragg/nanoice.stol
# stol [aka sin(theta)/lambda) = 1/2d], F
0.00000000 1.34812000
0.00050050 0.48053700
0.00100100 0.11188600
0.00150150 0.05982620
0.00200200 0.04230800
0.00250250 0.03391490
0.00300300 0.02930110
0.00350350 0.02652150
0.00400400 0.02473570
0.00450450 0.02353400
0.00500500 0.02269770
0.00550550 0.02210160
0.00600600 0.02167000
0.00650650 0.02135470
0.00700700 0.02112410
0.00750750 0.02095680
0.00800800 0.02083760
0.00850850 0.02075580
0.00900900 0.02070360
0.00950950 0.02067500
0.01001000 0.02066560
0.01051050 0.02067200
0.01101100 0.02069160
0.01151150 0.02072230
0.01201200 0.02076240
0.01251253 0.02081050
0.01301302 0.02086570
0.01351353 0.02092700
0.01401402 0.02099360
0.01451453 0.02106510
0.01501502 0.02114080
0.01551553 0.02122050
0.01601602 0.02130360
0.01651653 0.02138990
0.01701703 0.02147920
0.01751752 0.02157120
0.01801803 0.02166580
0.01851853 0.02176270
0.01901902 0.02186200
0.01951952 0.02196330
0.02002003 0.02206670
0.02052053 0.02217210
0.02102102 0.02227930
0.02152152 0.02238830
0.02202203 0.02249910
0.02252253 0.02261160
0.02302302 0.02272570
0.02352352 0.02284140
0.02402403 0.02295880
0.02452452 0.02307770
0.02502500 0.02319810
0.02552550 0.02332010
0.02602600 0.02344350
0.02652650 0.02356850
0.02702700 0.02369490
0.02752750 0.02382290
0.02802800 0.02395230
0.02852850 0.02408310
0.02902900 0.02421550
0.02952950 0.02434930
0.03003000 0.02448450
0.03053050 0.02462130
0.03103100 0.02475950
0.03153150 0.02489920
0.03203200 0.02504040
0.03253250 0.02518310
0.03303300 0.02532730
0.03353350 0.02547300
0.03403400 0.02562020
0.03453450 0.02576900
0.03503500 0.02591930
0.03553550 0.02607120
0.03603600 0.02622470
0.03653650 0.02637970
0.03703700 0.02653640
0.03753750 0.02669470
0.03803800 0.02685460
0.03853850 0.02701620
0.03903900 0.02717940
0.03953950 0.02734440
0.04004000 0.02751100
0.04054050 0.02767940
0.04104100 0.02784950
0.04154150 0.02802140
0.04204200 0.02819510
0.04254250 0.02837060
0.04304300 0.02854790
0.04354350 0.02872710
0.04404400 0.02890820
0.04454450 0.02909120
0.04504500 0.02927610
0.04554550 0.02946290
0.04604600 0.02965180
0.04654650 0.02984260
0.04704700 0.03003550
0.04754750 0.03023040
0.04804800 0.03042740
0.04854850 0.03062650
0.04904900 0.03082780
0.04954950 0.03103120
0.05005000 0.03123690
0.05055050 0.03144480
0.05105100 0.03165490
0.05155150 0.03186730
0.05205200 0.03208210
0.05255250 0.03229920
0.05305300 0.03251880
0.05355350 0.03274080
0.05405400 0.03296520
0.05455450 0.03319210
0.05505500 0.03342160
0.05555550 0.03365370
0.05605600 0.03388840
0.05655650 0.03412570
0.05705700 0.03436580
0.05755750 0.03460860
0.05805800 0.03485420
0.05855850 0.03510260
0.05905900 0.03535390
0.05955950 0.03560810
0.06006000 0.03586520
0.06056050 0.03612540
0.06106100 0.03638860
0.06156150 0.03665500
0.06206200 0.03692440
0.06256250 0.03719710
0.06306300 0.03747310
0.06356350 0.03775240
0.06406400 0.03803510
0.06456450 0.03832110
0.06506500 0.03861070
0.06556550 0.03890380
0.06606600 0.03920050
0.06656650 0.03950090
0.06706700 0.03980500
0.06756750 0.04011290
0.06806800 0.04042470
0.06856850 0.04074040
0.06906900 0.04106010
0.06956950 0.04138380
0.07007000 0.04171180
0.07057050 0.04204390
0.07107100 0.04238030
0.07157150 0.04272110
0.07207200 0.04306640
0.07257250 0.04341620
0.07307300 0.04377060
0.07357350 0.04412980
0.07407400 0.04449370
0.07457450 0.04486260
0.07507500 0.04523640
0.07557550 0.04561530
0.07607600 0.04599950
0.07657650 0.04638890
0.07707700 0.04678370
0.07757750 0.04718410
0.07807800 0.04759010
0.07857850 0.04800180
0.07907900 0.04841950
0.07957950 0.04884310
0.08008000 0.04927280
0.08058050 0.04970880
0.08108100 0.05015120
0.08158150 0.05060010
0.08208200 0.05105580
0.08258250 0.05151830
0.08308300 0.05198770
0.08358350 0.05246440
0.08408400 0.05294840
0.08458450 0.05343980
0.08508500 0.05393900
0.08558550 0.05444610
0.08608600 0.05496130
0.08658650 0.05548470
0.08708700 0.05601670
0.08758750 0.05655730
0.08808800 0.05710700
0.08858850 0.05766580
0.08908900 0.05823410
0.08958950 0.05881210
0.09009000 0.05940010
0.09059050 0.05999830
0.09109100 0.06060720
0.09159150 0.06122690
0.09209200 0.06185780
0.09259250 0.06250040
0.09309300 0.06315480
0.09359350 0.06382160
0.09409400 0.06450100
0.09459450 0.06519360
0.09509500 0.06589980
0.09559550 0.06662000
0.09609600 0.06735480
0.09659650 0.06810460
0.09709700 0.06887000
0.09759750 0.06965160
0.09809800 0.07045000
0.09859850 0.07126590
0.09909900 0.07209990
0.09959950 0.07295290
0.10010000 0.07382550
0.10060050 0.07471860
0.10110100 0.07563310
0.10160150 0.07657000
0.10210200 0.07753030
0.10260250 0.07851500
0.10310300 0.07952540
0.10360350 0.08056260
0.10410400 0.08162800
0.10460450 0.08272300
0.10510500 0.08384930
0.10560550 0.08500840
0.10610600 0.08620210
0.10660650 0.08743240
0.10710700 0.08870150
0.10760750 0.09001150
0.10810800 0.09136490
0.10860850 0.09276440
0.10910900 0.09421300
0.10960950 0.09571380
0.11011000 0.09727020
0.11061050 0.09888610
0.11111100 0.10056600
0.11161150 0.10231300
0.11211200 0.10413400
0.11261250 0.10603400
0.11311300 0.10801800
0.11361350 0.11009400
0.11411400 0.11226800
0.11461450 0.11455000
0.11511500 0.11694800
0.11561550 0.11947200
0.11611600 0.12213400
0.11661650 0.12494600
0.11711700 0.12792300
0.11761750 0.13108000
0.11811800 0.13443600
0.11861850 0.13801000
0.11911900 0.14182600
0.11961950 0.14591000
0.12012000 0.15029000
0.12062050 0.15500200
0.12112100 0.16008300
0.12162150 0.16557700
0.12212200 0.17153500
0.12262250 0.17801600
0.12312300 0.18508800
0.12362350 0.19282800
0.12412400 0.20132700
0.12462450 0.21069100
0.12512525 0.22104500
0.12562575 0.23253100
0.12612625 0.24531900
0.12662675 0.25960700
0.12712725 0.27562600
0.12762775 0.29364400
0.12812825 0.31397400
0.12862875 0.33697500
0.12912925 0.36305300
0.12962975 0.39266300
0.13013025 0.42628600
0.13063075 0.46441300
0.13113125 0.50748300
0.13163175 0.55579600
0.13213225 0.60936700
0.13263275 0.66771900
0.13313325 0.72961100
0.13363375 0.79274900
0.13413425 0.85359100
0.13463475 0.90741900
0.13513525 0.94888300
0.13563575 0.97306200
0.13613625 0.97678500
0.13663675 0.95962700
0.13713725 0.92405400
0.13763775 0.87462100
0.13813825 0.81668300
0.13863875 0.75521600
0.13913925 0.69411800
0.13963975 0.63602400
0.14014025 0.58244400
0.14064075 0.53404200
0.14114125 0.49091700
0.14164175 0.45283200
0.14214225 0.41937400
0.14264275 0.39006100
0.14314325 0.36440300
0.14364375 0.34193600
0.14414425 0.32224000
0.14464475 0.30494000
0.14514525 0.28971200
0.14564575 0.27627300
0.14614625 0.26438100
0.14664675 0.25383100
0.14714725 0.24444400
0.14764775 0.23606900
0.14814825 0.22857700
0.14864875 0.22185600
0.14914925 0.21581100
0.14964975 0.21036000
0.15015025 0.20543300
0.15065075 0.20096700
0.15115125 0.19691000
0.15165175 0.19321600
0.15215225 0.18984400
0.15265275 0.18675900
0.15315325 0.18392900
0.15365375 0.18132900
0.15415425 0.17893400
0.15465475 0.17672200
0.15515525 0.17467500
0.15565575 0.17277700
0.15615625 0.17101200
0.15665675 0.16936800
0.15715725 0.16783300
0.15765775 0.16639600
0.15815825 0.16504800
0.15865875 0.16378100
0.15915925 0.16258600
0.15965975 0.16145800
0.16016025 0.16039000
0.16066075 0.15937600
0.16116125 0.15841200
0.16166175 0.15749400
0.16216225 0.15661600
0.16266275 0.15577600
0.16316325 0.15497100
0.16366375 0.15419700
0.16416425 0.15345200
0.16466475 0.15273300
0.16516525 0.15203800
0.16566575 0.15136500
0.16616625 0.15071300
0.16666675 0.15008100
0.16716725 0.14946500
0.16766775 0.14886700
0.16816825 0.14828300
0.16866875 0.14771400
0.16916925 0.14715900
0.16966975 0.14661600
0.17017025 0.14608600
0.17067075 0.14556700
0.17117125 0.14506000
0.17167175 0.14456300
0.17217225 0.14407700
0.17267275 0.14360100
0.17317325 0.14313600
0.17367375 0.14268000
0.17417425 0.14223400
0.17467475 0.14179800
0.17517525 0.14137200
0.17567575 0.14095600
0.17617625 0.14055000
0.17667675 0.14015400
0.17717725 0.13976800
0.17767775 0.13939300
0.17817825 0.13902900
0.17867875 0.13867500
0.17917925 0.13833300
0.17967975 0.13800200
0.18018025 0.13768300
0.18068075 0.13737600
0.18118125 0.13708200
0.18168175 0.13680000
0.18218225 0.13653200
0.18268275 0.13627700
0.18318325 0.13603600
0.18368375 0.13580900
0.18418425 0.13559800
0.18468475 0.13540100
0.18518525 0.13522100
0.18568575 0.13505600
0.18618625 0.13490800
0.18668675 0.13477800
0.18718725 0.13466500
0.18768775 0.13457000
0.18818825 0.13449300
0.18868875 0.13443600
0.18918925 0.13439900
0.18968975 0.13438200
0.19019025 0.13438700
0.19069075 0.13441200
0.19119125 0.13446000
0.19169175 0.13453100
0.19219225 0.13462500
0.19269275 0.13474300
0.19319325 0.13488600
0.19369375 0.13505500
0.19419425 0.13525000
0.19469475 0.13547200
0.19519525 0.13572200
0.19569575 0.13600100
0.19619625 0.13630900
0.19669675 0.13664800
0.19719725 0.13701900
0.19769775 0.13742200
0.19819825 0.13785900
0.19869875 0.13833100
0.19919925 0.13883900
0.19969975 0.13938400
0.20020025 0.13996900
0.20070075 0.14059300
0.20120125 0.14126000
0.20170175 0.14197100
0.20220225 0.14272800
0.20270275 0.14353300
0.20320325 0.14438800
0.20370375 0.14529600
0.20420425 0.14626100
0.20470475 0.14728400
0.20520525 0.14837100
0.20570575 0.14952500
0.20620625 0.15075000
0.20670675 0.15205300
0.20720725 0.15343900
0.20770775 0.15491600
0.20820825 0.15649200
0.20870875 0.15817700
0.20920925 0.15998100
0.20970975 0.16191900
0.21021025 0.16400600
0.21071075 0.16626200
0.21121125 0.16870900
0.21171175 0.17137500
0.21221225 0.17429500
0.21271275 0.17750900
0.21321325 0.18106900
0.21371375 0.18503900
0.21421425 0.18949900
0.21471475 0.19455000
0.21521525 0.20032000
0.21571575 0.20697300
0.21621625 0.21472000
0.21671675 0.22382800
0.21721725 0.23464500
0.21771775 0.24760900
0.21821825 0.26326300
0.21871875 0.28225100
0.21921925 0.30525800
0.21971975 0.33283800
0.22022025 0.36501900
0.22072075 0.40058300
0.22122125 0.43611500
0.22172175 0.46553700
0.22222225 0.48153900
0.22272275 0.47936000
0.22322325 0.46010300
0.22372375 0.42991500
0.22422425 0.39599800
0.22472475 0.36352400
0.22522525 0.33502800
0.22572575 0.31118300
0.22622625 0.29170400
0.22672675 0.27595400
0.22722725 0.26324600
0.22772775 0.25296300
0.22822825 0.24459200
0.22872875 0.23772500
0.22922925 0.23204000
0.22972975 0.22728600
0.23023025 0.22326600
0.23073075 0.21982800
0.23123125 0.21685000
0.23173175 0.21423700
0.23223225 0.21191200
0.23273275 0.20981600
0.23323325 0.20790000
0.23373375 0.20612300
0.23423425 0.20445600
0.23473475 0.20287100
0.23523525 0.20134800
0.23573575 0.19987200
0.23623625 0.19842800
0.23673675 0.19700600
0.23723725 0.19559700
0.23773775 0.19419600
0.23823825 0.19279800
0.23873875 0.19139900
0.23923925 0.18999800
0.23973975 0.18859400
0.24024025 0.18718700
0.24074075 0.18577600
0.24124125 0.18436500
0.24174175 0.18295400
0.24224225 0.18154700
0.24274275 0.18014700
0.24324325 0.17875700
0.24374375 0.17738100
0.24424425 0.17602500
0.24474475 0.17469300
0.24524525 0.17339100
0.24574575 0.17212600
0.24624625 0.17090500
0.24674675 0.16973700
0.24724725 0.16862900
0.24774775 0.16759300
0.24824825 0.16664100
0.24874875 0.16578800
0.24924925 0.16504900
0.24974975 0.16444500
0.25025000 0.16400100
0.25075000 0.16374400
0.25125250 0.16371200
0.25175250 0.16394900
0.25225250 0.16451200
0.25275250 0.16547300
0.25325250 0.16692500
0.25375500 0.16898500
0.25425500 0.17181000
0.25475500 0.17560200
0.25525500 0.18062600
0.25575500 0.18722300
0.25625750 0.19582000
0.25675750 0.20692600
0.25725750 0.22105500
0.25775750 0.23853400
0.25825750 0.25905200
0.25876000 0.28090200
0.25926000 0.30025400
0.25976000 0.31162100
0.26026000 0.31058700
0.26076000 0.29712800
0.26126250 0.27562700
0.26176250 0.25158000
0.26226250 0.22883700
0.26276250 0.20912200
0.26326250 0.19275800
0.26376500 0.17942000
0.26426500 0.16859400
0.26476500 0.15977300
0.26526500 0.15252700
0.26576500 0.14651500
0.26626750 0.14147100
0.26676750 0.13719200
0.26726750 0.13352300
0.26776750 0.13034600
0.26826750 0.12756800
0.26877000 0.12511700
0.26927000 0.12293800
0.26977000 0.12098600
0.27027000 0.11922700
0.27077000 0.11763100
0.27127250 0.11617600
0.27177250 0.11484300
0.27227250 0.11361600
0.27277250 0.11248300
0.27327250 0.11143300
0.27377500 0.11045700
0.27427500 0.10954700
0.27477500 0.10869800
0.27527500 0.10790200
0.27577500 0.10715700
0.27627750 0.10645700
0.27677750 0.10580000
0.27727750 0.10518100
0.27777750 0.10459800
0.27827750 0.10404900
0.27878000 0.10353200
0.27928000 0.10304400
0.27978000 0.10258500
0.28028000 0.10215100
0.28078000 0.10174300
0.28128250 0.10135900
0.28178250 0.10099700
0.28228250 0.10065700
0.28278250 0.10033800
0.28328250 0.10003800
0.28378500 0.09975760
0.28428500 0.09949530
0.28478500 0.09925070
0.28528500 0.09902300
0.28578500 0.09881170
0.28628750 0.09861630
0.28678750 0.09843630
0.28728750 0.09827110
0.28778750 0.09812030
0.28828750 0.09798360
0.28879000 0.09786050
0.28929000 0.09775060
0.28979000 0.09765360
0.29029000 0.09756920
0.29079000 0.09749700
0.29129250 0.09743680
0.29179250 0.09738820
0.29229250 0.09735110
0.29279250 0.09732510
0.29329250 0.09731000
0.29379500 0.09730550
0.29429500 0.09731150
0.29479500 0.09732770
0.29529500 0.09735390
0.29579500 0.09739000
0.29629750 0.09743560
0.29679750 0.09749080
0.29729750 0.09755520
0.29779750 0.09762860
0.29829750 0.09771110
0.29880000 0.09780230
0.29930000 0.09790210
0.29980000 0.09801050
0.30030000 0.09812710
0.30080000 0.09825200
0.30130250 0.09838490
0.30180250 0.09852580
0.30230250 0.09867440
0.30280250 0.09883080
0.30330250 0.09899470
0.30380500 0.09916600
0.30430500 0.09934470
0.30480500 0.09953070
0.30530500 0.09972370
0.30580500 0.09992370
0.30630750 0.10013100
0.30680750 0.10034400
0.30730750 0.10056500
0.30780750 0.10079200
0.30830750 0.10102600
0.30881000 0.10126600
0.30931000 0.10151200
0.30981000 0.10176500
0.31031000 0.10202300
0.31081000 0.10228800
0.31131250 0.10255900
0.31181250 0.10283600
0.31231250 0.10311800
0.31281250 0.10340600
0.31331250 0.10370000
0.31381500 0.10400000
0.31431500 0.10430500
0.31481500 0.10461600
0.31531500 0.10493200
0.31581500 0.10525300
0.31631750 0.10557900
0.31681750 0.10591100
0.31731750 0.10624800
0.31781750 0.10659000
0.31831750 0.10693700
0.31882000 0.10728900
0.31932000 0.10764600
0.31982000 0.10800800
0.32032000 0.10837500
0.32082000 0.10874700
0.32132250 0.10912400
0.32182250 0.10950500
0.32232250 0.10989200
0.32282250 0.11028300
0.32332250 0.11068000
0.32382500 0.11108100
0.32432500 0.11148800
0.32482500 0.11189900
0.32532500 0.11231600
0.32582500 0.11273900
0.32632750 0.11316700
0.32682750 0.11360100
0.32732750 0.11404200
0.32782750 0.11448900
0.32832750 0.11494300
0.32883000 0.11540500
0.32933000 0.11587500
0.32983000 0.11635400
0.33033000 0.11684200
0.33083000 0.11734200
0.33133250 0.11785500
0.33183250 0.11838200
0.33233250 0.11892400
0.33283250 0.11948600
0.33333250 0.12007000
0.33383500 0.12068000
0.33433500 0.12132100
0.33483500 0.12200000
0.33533500 0.12272400
0.33583500 0.12350400
0.33633750 0.12435400
0.33683750 0.12529100
0.33733750 0.12633800
0.33783750 0.12752500
0.33833750 0.12889400
0.33884000 0.13049500
0.33934000 0.13239800
0.33984000 0.13468300
0.34034000 0.13744200
0.34084000 0.14074700
0.34134250 0.14458500
0.34184250 0.14873900
0.34234250 0.15264100
0.34284250 0.15538200
0.34334250 0.15612600
0.34384500 0.15473300
0.34434500 0.15188500
0.34484500 0.14853000
0.34534500 0.14535800
0.34584500 0.14268000
0.34634750 0.14055500
0.34684750 0.13892900
0.34734750 0.13771000
0.34784750 0.13681300
0.34834750 0.13616600
0.34885000 0.13571000
0.34935000 0.13540300
0.34985000 0.13521000
0.35035000 0.13510600
0.35085000 0.13507200
0.35135250 0.13509200
0.35185250 0.13515500
0.35235250 0.13525300
0.35285250 0.13537700
0.35335250 0.13552300
0.35385500 0.13568500
0.35435500 0.13586000
0.35485500 0.13604500
0.35535500 0.13623700
0.35585500 0.13643400
0.35635750 0.13663500
0.35685750 0.13683700
0.35735750 0.13704000
0.35785750 0.13724200
0.35835750 0.13744300
0.35886000 0.13764100
0.35936000 0.13783700
0.35986000 0.13802800
0.36036000 0.13821500
0.36086000 0.13839800
0.36136250 0.13857500
0.36186250 0.13874600
0.36236250 0.13891100
0.36286250 0.13907000
0.36336250 0.13922100
0.36386500 0.13936600
0.36436500 0.13950400
0.36486500 0.13963300
0.36536500 0.13975500
0.36586500 0.13986900
0.36636750 0.13997500
0.36686750 0.14007200
0.36736750 0.14016100
0.36786750 0.14024000
0.36836750 0.14031100
0.36887000 0.14037300
0.36937000 0.14042600
0.36987000 0.14046900
0.37037000 0.14050300
0.37087000 0.14052800
0.37137250 0.14054300
0.37187250 0.14054800
0.37237250 0.14054400
0.37287250 0.14052900
0.37337250 0.14050500
0.37387500 0.14047100
0.37437500 0.14042700
0.37487500 0.14037400
0.37537500 0.14031000
0.37587500 0.14023600
0.37637750 0.14015200
0.37687750 0.14005800
0.37737750 0.13995400
0.37787750 0.13984000
0.37837750 0.13971600
0.37888000 0.13958200
0.37938000 0.13943700
0.37988000 0.13928300
0.38038000 0.13911900
0.38088000 0.13894500
0.38138250 0.13876200
0.38188250 0.13856800
0.38238250 0.13836500
0.38288250 0.13815200
0.38338250 0.13793000
0.38388500 0.13769800
0.38438500 0.13745600
0.38488500 0.13720500
0.38538500 0.13694500
0.38588500 0.13667600
0.38638750 0.13639700
0.38688750 0.13611000
0.38738750 0.13581300
0.38788750 0.13550800
0.38838750 0.13519500
0.38889000 0.13487200
0.38939000 0.13454100
0.38989000 0.13420200
0.39039000 0.13385500
0.39089000 0.13350000
0.39139250 0.13313600
0.39189250 0.13276500
0.39239250 0.13238600
0.39289250 0.13200000
0.39339250 0.13160600
0.39389500 0.13120500
0.39439500 0.13079700
0.39489500 0.13038200
0.39539500 0.12996100
0.39589500 0.12953200
0.39639750 0.12909700
0.39689750 0.12865600
0.39739750 0.12820800
0.39789750 0.12775500
0.39839750 0.12729500
0.39890000 0.12683000
0.39940000 0.12635900
0.39990000 0.12588300
0.40040000 0.12540200
0.40090000 0.12491500
0.40140250 0.12442400
0.40190250 0.12392800
0.40240250 0.12342700
0.40290250 0.12292100
0.40340250 0.12241200
0.40390500 0.12189800
0.40440500 0.12138000
0.40490500 0.12085800
0.40540500 0.12033300
0.40590500 0.11980400
0.40640750 0.11927200
0.40690750 0.11873600
0.40740750 0.11819800
0.40790750 0.11765600
0.40840750 0.11711200
0.40891000 0.11656500
0.40941000 0.11601500
0.40991000 0.11546400
0.41041000 0.11491000
0.41091000 0.11435300
0.41141250 0.11379500
0.41191250 0.11323500
0.41241250 0.11267400
0.41291250 0.11211100
0.41341250 0.11154600
0.41391500 0.11098100
0.41441500 0.11041400
0.41491500 0.10984600
0.41541500 0.10927700
0.41591500 0.10870700
0.41641750 0.10813700
0.41691750 0.10756600
0.41741750 0.10699500
0.41791750 0.10642300
0.41841750 0.10585100
0.41892000 0.10527900
0.41942000 0.10470700
0.41992000 0.10413500
0.42042000 0.10356400
0.42092000 0.10299200
0.42142250 0.10242100
0.42192250 0.10185100
0.42242250 0.10128100
0.42292250 0.10071100
0.42342250 0.10014300
0.42392500 0.09957510
0.42442500 0.09900820
0.42492500 0.09844240
0.42542500 0.09787770
0.42592500 0.09731410
0.42642750 0.09675180
0.42692750 0.09619070
0.42742750 0.09563100
0.42792750 0.09507280
0.42842750 0.09451600
0.42893000 0.09396090
0.42943000 0.09340730
0.42993000 0.09285540
0.43043000 0.09230530
0.43093000 0.09175700
0.43143250 0.09121050
0.43193250 0.09066590
0.43243250 0.09012330
0.43293250 0.08958270
0.43343250 0.08904410
0.43393500 0.08850770
0.43443500 0.08797340
0.43493500 0.08744120
0.43543500 0.08691130
0.43593500 0.08638370
0.43643750 0.08585830
0.43693750 0.08533530
0.43743750 0.08481460
0.43793750 0.08429630
0.43843750 0.08378050
0.43894000 0.08326710
0.43944000 0.08275620
0.43994000 0.08224780
0.44044000 0.08174200
0.44094000 0.08123870
0.44144250 0.08073790
0.44194250 0.08023980
0.44244250 0.07974430
0.44294250 0.07925150
0.44344250 0.07876130
0.44394500 0.07827380
0.44444500 0.07778890
0.44494500 0.07730680
0.44544500 0.07682740
0.44594500 0.07635070
0.44644750 0.07587680
0.44694750 0.07540560
0.44744750 0.07493710
0.44794750 0.07447150
0.44844750 0.07400860
0.44895000 0.07354840
0.44945000 0.07309110
0.44995000 0.07263650
0.45045000 0.07218480
0.45095000 0.07173580
0.45145250 0.07128960
0.45195250 0.07084630
0.45245250 0.07040570
0.45295250 0.06996790
0.45345250 0.06953300
0.45395500 0.06910080
0.45445500 0.06867140
0.45495500 0.06824480
0.45545500 0.06782100
0.45595500 0.06740000
0.45645750 0.06698170
0.45695750 0.06656630
0.45745750 0.06615360
0.45795750 0.06574370
0.45845750 0.06533650
0.45896000 0.06493210
0.45946000 0.06453040
0.45996000 0.06413150
0.46046000 0.06373530
0.46096000 0.06334180
0.46146250 0.06295100
0.46196250 0.06256290
0.46246250 0.06217760
0.46296250 0.06179490
0.46346250 0.06141480
0.46396500 0.06103750
0.46446500 0.06066280
0.46496500 0.06029070
0.46546500 0.05992120
0.46596500 0.05955440
0.46646750 0.05919020
0.46696750 0.05882860
0.46746750 0.05846950
0.46796750 0.05811300
0.46846750 0.05775910
0.46897000 0.05740770
0.46947000 0.05705890
0.46997000 0.05671250
0.47047000 0.05636870
0.47097000 0.05602730
0.47147250 0.05568850
0.47197250 0.05535210
0.47247250 0.05501810
0.47297250 0.05468660
0.47347250 0.05435740
0.47397500 0.05403070
0.47447500 0.05370640
0.47497500 0.05338450
0.47547500 0.05306490
0.47597500 0.05274760
0.47647750 0.05243270
0.47697750 0.05212020
0.47747750 0.05180990
0.47797750 0.05150190
0.47847750 0.05119610
0.47898000 0.05089270
0.47948000 0.05059140
0.47998000 0.05029240
0.48048000 0.04999570
0.48098000 0.04970110
0.48148250 0.04940870
0.48198250 0.04911840
0.48248250 0.04883030
0.48298250 0.04854440
0.48348250 0.04826050
0.48398500 0.04797880
0.48448500 0.04769920
0.48498500 0.04742160
0.48548500 0.04714610
0.48598500 0.04687270
0.48648750 0.04660130
0.48698750 0.04633190
0.48748750 0.04606450
0.48798750 0.04579910
0.48848750 0.04553560
0.48899000 0.04527420
0.48949000 0.04501460
0.48999000 0.04475700
0.49049000 0.04450130
0.49099000 0.04424750
0.49149250 0.04399560
0.49199250 0.04374560
0.49249250 0.04349740
0.49299250 0.04325110
0.49349250 0.04300660
0.49399500 0.04276390
0.49449500 0.04252300
0.49499500 0.04228390
0.49549500 0.04204650
0.49599500 0.04181090
0.49649750 0.04157710
0.49699750 0.04134500
0.49749750 0.04111460
0.49799750 0.04088590
0.49849750 0.04065890
0.49900000 0.04043360
0.49950000 0.04020990
0.50000000 0.03998790
